MsgStat 200000.0 9993108.0 519352312.0 100.21 49.97 10.0 92.0	
The 198265.0 997907.0 6074369.0 5.3 5.03 1.0 17.0	
brown 198204.0 1000424.0 6107610.0 5.34 5.05 1.0 19.0	
dog 198212.0 999056.0 6089358.0 5.32 5.04 1.0 18.0	
fox 198193.0 999223.0 6093543.0 5.33 5.04 1.0 18.0	
jumped 198215.0 999551.0 6094985.0 5.32 5.04 1.0 18.0	
lazy 198145.0 998848.0 6092570.0 5.34 5.04 1.0 20.0	
over 198183.0 999113.0 6086731.0 5.3 5.04 1.0 18.0	
quick 198220.0 999428.0 6089408.0 5.3 5.04 1.0 17.0	
sir 198133.0 999821.0 6102173.0 5.33 5.05 1.0 19.0	
the 198225.0 999737.0 6095525.0 5.31 5.04 1.0 18.0	
